00000000000000000000000000000000
11111111111111111111111111111111
01100001111001101001011100111100
00001010100111010111110110100111
11011001111111000100111001111111
01000011001100101100100110111000
01011111111110010100110110010111
01100010101101001000001110101100
00111011000111001000010000101011
00111111100101000010111000101110
00101001101000010100101000001100
11001101000001001001100000001101
01111010111010111110100000110101
11010101100001001000101010010011
10111010010011100001110001110110
10101000000110111110010000111010
00100000111010000110000110110000
11110011101011111101101101010011
01111100110001001110101111101001
00110000111111011101110001110001
11101010000000110111100100010011
00001110001011010000101010100011
00101011001100101110100100000000
00000100011110110110111000111011
01110111001001000110111001010111
10010010101100001101010100100001
10110000110111100010010010110100
11010001011010010110010101101011
11011111001101011111100100001010
00011110000000110111011100101011
00011000000100001001100100110001
10110110011011101111111001011101
01101110111110011001011011111000
11010011111001110100110011001010
