01010101
00000000
11000111
10111101
11110100
00000101
10100001
10100100
10111011
01111110
00101100
10001101
01110101
01011111
10101101
11100000
11011100
10000100
11111110
10001100
00110111
10011001
00000001
00011001
11111001
00110000
01000100
10001110
00011011
11101100
00010010
00100011
00001111
11010010
00010011
00011100
11011101
11010110
00000011
11010011
10101000
00001101
01011101
00100101
00100100
10111110
11001011
01110010
10111100
11000101
11011000
01011001
00110101
11010001
11100101
01101100
00101000
00010000
01110100
01000001
10110011
00010001
11000100
10010010
11101000
10010001
10011110
01000101
11110101
00000110
01100100
11010101
00001110
10111010
10110001
01101001
10000111
10101111
11001001
01001000
00000111
00100110
00100111
00001000
00101011
10111000
11001010
11101110
01101000
01001100
10011101
00111111
00111001
10111111
10010100
00110001
01100000
11110111
01010100
00011110
01010110
01000111
01011000
01010010
01110011
11100111
10011100
10100000
00011101
01100010
11101010
10001000
00010111
10000010
00000100
00001100
00101101
11011110
10001001
01101101
00110100
00001011
10001111
11111101
01010111
11101001
01011100
01000011
10010000
01001101
10101100
01001001
00100010
00110011
11101111
00110110
11110001
11111111
10110010
01001110
11111010
00101001
11110110
11001100
00010100
11111011
00100000
11001000
10000001
11001111
00110010
11110010
11010100
11001110
11000000
00100001
01001111
11010000
10000101
11101011
01110111
11011001
10011000
01110001
11010111
01010001
01010000
01000010
11000001
11000110
11110011
01000110
11011011
00011000
00010101
11011010
11101101
10100101
10000000
11110000
10110000
11100110
01010011
01110000
10011111
00011111
01100101
11111000
01111111
11111100
11100100
00011010
01000000
01011110
10010101
00111000
00000010
11100001
00001010
01100011
10101001
10101110
00001001
00101010
01111010
01100001
01110110
00010110
11011111
